15
6
36
24 17 5 4 35 8 29 20 23 24 26 30 25 17 1 32 20 34 5 17 28 32 15 34 25 14 2 5 6 18 31 24 17 21 3 8
5
44
27 9 10 10 44 20 18 19 42 18 36 4 5 6 33 35 4 26 32 30 30 29 25 24 22 27 5 12 7 28 24 11 14 32 1 43 1 28 18 12 4 22 32 25
3
32
28 18 24 15 14 5 30 22 1 2 2 29 3 24 30 14 11 11 3 29 31 30 2 32 8 8 11 18 8 9 14 25
2
95
43 63 86 95 93 38 42 25 14 44 83 4 75 71 21 32 70 89 88 14 38 12 34 6 9 69 6 68 86 90 66 4 39 54 67 92 2 82 69 66 9 42 73 64 47 21 1 25 85 70 94 10 41 70 16 26 83 20 12 39 42 49 83 19 55 7 10 43 24 49 58 93 94 94 28 58 76 2 63 16 87 3 69 95 19 29 30 87 41 38 25 54 33 50 27
7
47
19 41 6 34 26 13 44 11 9 19 46 5 27 8 41 34 28 20 26 36 3 43 9 36 47 24 8 4 28 36 41 32 39 25 7 43 38 20 12 15 7 42 23 25 16 39 12
8
41
14 33 11 17 34 40 35 6 29 37 34 34 35 3 9 9 15 10 37 4 18 21 11 11 35 14 29 37 5 11 16 32 30 29 28 1 14 10 27 17 20
2
30
2 13 2 2 28 1 19 5 4 8 30 13 8 30 24 30 11 14 23 11 5 13 23 22 7 5 19 15 28 17
6
15
15 2 6 11 8 2 15 3 12 2 4 13 8 5 11
6
37
9 14 7 25 5 8 1 20 21 13 3 22 25 23 23 1 10 8 34 7 21 10 32 3 13 20 35 21 16 23 14 1 11 6 36 13 30
10
83
78 14 22 22 15 10 42 5 16 12 74 40 48 71 68 53 82 28 5 10 14 3 35 27 78 34 37 62 15 30 72 4 80 70 59 60 10 25 50 41 60 15 5 81 22 8 53 17 73 27 28 1 1 1 54 55 43 82 7 76 38 47 46 8 35 70 11 79 32 46 35 82 62 44 32 54 25 77 5 71 80 61 66
4
19
8 2 6 2 19 16 12 7 4 10 9 19 15 8 17 10 19 3 19
5
91
17 50 83 78 37 2 55 28 20 12 45 42 76 84 73 81 12 88 81 24 55 71 54 33 51 20 8 67 31 79 71 19 19 55 54 74 61 68 58 89 9 53 82 48 8 46 55 83 40 14 28 10 1 59 31 25 74 64 88 87 3 50 27 52 72 69 28 6 10 86 12 86 30 75 32 51 22 28 40 45 13 2 17 56 12 49 8 2 91 18 50
9
88
59 83 71 87 31 68 61 66 52 22 63 48 30 52 79 59 26 17 81 3 68 74 57 15 60 26 49 68 31 38 13 54 76 27 46 86 3 49 87 65 64 24 41 56 27 39 20 74 32 15 68 53 71 10 46 70 88 3 39 47 88 55 63 22 36 72 45 50 42 64 30 82 23 31 16 26 61 18 35 20 51 71 74 12 47 4 10 47
7
15
15 7 7 10 12 15 15 11 12 4 4 2 12 5 14
5
1
1
